1667208970
2137082062
1453996877
272130219
760707014
1150133222
183695868
716212308
35685214
156416504
1858551870
1934079062
1731324934
1392428648
546631689
854559426
752163472
120951246
528018047
1014596200
1676068344
400083149
468202058
1524723016
2124265050
613908800
1353640583
1070674264
1438040927
1418363865
1428687297
951049121
838808921
1159076888
1019596718
1308798965
572004810
1904295539
781868402
1750784782
702005755
1598512616
741504512
284791195
1792503084
1629028794
1874319901
1167198544
1393138072
1194672871
211496365
1162387535
1845854910
1622070938
2142091442
1518508645
1732523620
1203571460
991353860
1240771428
388298346
724585267
247597073
991347326
1891017178
1122775216
51573429
641624798
955468425
951962772
1910278115
1102522680
1193392565
848434639
377371996
1381125317
1734232294
246807793
23435099
1290463067
1572944669
1559216524
1524046804
1519811185
1982338586
1110233938
641396198
1033131060
1285661936
897295152
1227629369
397771691
1380435224
780939974
699071289
1655973242
1416652745
225837204
987484869
280027726
709941049
1111565229
1676827400
539517933
856566081
660503208
197206641
914427120
116059993
927668998
771327573
1623251106
177083281
433846591
795771385
1300709663
1149634625
472102093
1458324887
193997980
978606265
1080466172
1383475344
1904560106
1223053828
2015792795
1860104673
1023249906
2037173506
1313545920
366962949
1160463827
1788459917
2071174297
880847880
367882484
1512904128
1272301258
1068320985
791714758
1697221787
1336270931
1481080915
2033738585
597459968
1486423280
551133125
2042516080
1148012410
435900048
1044915592
60515866
1692145933
126455765
706800580
72874771
1077341038
1551481530
1372332789
1238635815
98369323
241628027
345818823
1617325697
1833292220
1233677571
1619354178
467280911
142303181
491972597
1674517928
2070462806
711596146
710563586
1408596324
2121009111
1068080224
559828628
1352402456
2124585357
2084314740
1158674666
764596545
1863481199
29068886
351358509
1325611866
1700976501
693343690
355373369
970867828
649109430
103357429
1965361622
218982124
759974616
1976779970
1885162053
491197671
632615670
809384385
1843823057
1989609313
662057829
1895466516
811934314
1021565582
1311510588
382557582
1755755260
1018683810
799572520
2090716570
2114877874
1002070656
1087596137
1673181602
298704406
1784517505
196434230
1000579406
1123629604
1650853491
324946152
70738034
607121075
1419525457
545923420
497562106
102378316
1928604593
1182549714
1173947924
366134505
1758048772
1513276567
153351734
2086752090
1402800575
636193465
1270194225
1023197407
1625382109
1444395292
739029270
750624040
1560533151
1084602479
628256297
2015439466
109803617
1897455374
1273142870
2033708158
598535488
762197708
689630018
352563484
101387341
867531993
1290734443
1990487300
622854224
1182467974
1083243682
1436238433
545571036
1539309155
769114670
503286499
1649879375
590794599
850973561
1621304198
961579424
1724674510
1082397372
1413754829
2084542348
859095677
186407706
2068556427
387574729
686317775
1303650021
1020039673
1572377711
1877656705
1272438316
804840206
2131873456
12269646
1759100064
194393675
1290684348
1419059735
1790823638
1865552446
623894240
37258795
1310658013
790309897
1302244271
1840607592
1995862783
1879646354
1486887646
2013584932
378089016
317036936
15576685
1021784007
1600449653
942197851
1751215591
133314226
310764229
1416167911
1606857895
290782832
665333131
566710727
690622544
605150629
1854171996
152984244
2136461895
1851496556
969468566
765311621
453706110
1362711006
283745164
906939009
459248619
2115990835
486093094
318199101
605003758
2023483195
1614800822
13695726
2021273296
69816135
1380061562
1543062842
1330493826
1730948815
1210553139
1152668156
630220850
815493128
2069886598
302707026
1831274389
1269684793
886844942
1293017356
1482188536
1186275744
847961130
1651620337
2110893998
709176769
31662008
1327274908
1408882234
1823831891
601791740
1767611023
1705626227
1578234254
853325265
1229356118
1747183529
809108637
1379768069
556049221
1509258829
378965426
1945089102
359036220
